100
6 2 8 29 20 8 18 18 21
1 0 9 23
1 0 3 5
60 60 2 3 2 8 10 28 26 4 12 19 26 3 16 16 19 15 15 26 9 15 4 23 18 21 12 21 21 6 6 12 23 16 16 16 16 5 14 7 21 11 8 2 21 23 10 24 7 22 4 16 9 7 21 7 22 8 20 25 25 3 25
26 1 7 6 17 28 18 2 18 17 17 17 17 14 18 18 8 18 18 24 18 20 17 27 20 16 13 17 12
29 28 1 27 10 15 19 15 28 27 28 24 6 28 13 8 9 15 13 3 7 14 14 12 19 20 18 3 12 7 11 0
76 20 10 29 10 26 27 29 3 5 15 14 19 11 10 22 22 6 26 18 23 14 13 13 12 21 14 14 20 26 25 1 15 10 18 3 17 0 18 24 17 6 6 24 14 11 3 5 5 21 4 5 23 30 1 9 13 26 10 9 23 14 21 0 4 16 26 25 24 30 29 24 28 8 19 12 21 5 15
88 39 2 15 6 16 2 6 6 22 14 4 2 25 30 23 0 5 7 28 27 27 11 4 12 14 0 27 5 14 21 21 13 6 20 9 12 25 28 25 30 28 6 19 4 4 24 28 1 11 9 1 9 1 3 2 16 12 29 30 21 3 5 17 0 10 17 4 5 4 3 22 20 13 5 15 14 30 2 1 0 30 15 14 0 14 25 15 16 30 20
49 2 10 28 30 3 26 10 0 14 14 27 10 26 27 13 30 26 27 27 3 3 26 27 27 27 11 27 26 26 27 1 27 26 22 27 29 24 27 27 20 8 26 27 18 26 26 26 17 16 26 23
43 43 10 17 4 28 23 19 13 25 28 28 3 14 4 5 20 2 14 12 4 8 18 13 4 7 6 14 25 15 21 11 16 18 2 8 9 24 12 11 3 3 3 6 21 6
44 28 3 10 2 23 23 4 23 21 0 30 28 20 19 30 5 3 1 9 26 29 22 28 0 27 20 23 20 18 7 17 28 9 12 18 28 15 27 24 22 25 0 3 12 3 20
43 21 4 29 18 11 10 7 15 24 24 9 4 14 20 9 3 7 7 12 24 3 28 8 18 26 16 19 17 15 18 6 22 25 17 7 15 5 18 11 22 0 21 26 24 9
57 23 6 14 27 8 22 10 6 24 7 27 18 8 6 7 14 28 27 14 30 20 28 18 8 4 14 16 2 4 12 22 1 12 19 9 14 24 30 25 12 10 21 14 27 1 19 17 8 21 9 21 3 17 16 7 13 25 25 20
22 10 10 4 26 26 27 26 27 8 9 26 15 8 26 11 27 26 27 5 27 30 27 26 27
59 19 2 3 27 4 2 2 3 3 13 9 2 8 14 3 3 9 3 11 11 2 3 6 8 18 16 3 30 2 9 2 3 3 1 0 2 19 3 2 2 30 3 26 2 21 3 24 16 17 27 20 13 25 3 7 2 27 3 2 2 23
48 14 6 14 23 15 16 12 15 7 4 14 10 16 14 0 13 14 14 15 28 1 3 7 27 26 14 5 14 15 26 22 15 14 14 15 15 14 13 14 15 3 3 15 28 15 14 15 15 4 14
59 36 1 23 3 17 18 14 11 28 27 18 0 2 6 16 0 1 24 19 15 26 29 24 30 18 25 2 1 28 7 18 29 18 5 28 26 9 0 9 25 16 23 4 24 21 27 2 18 29 12 9 6 28 26 24 23 21 15 5 21 6
8 6 3 23 19 25 18 2 20 13 15
37 2 6 17 13 10 10 24 2 8 9 4 28 20 9 26 30 5 7 29 8 26 19 20 8 22 22 11 0 8 30 0 22 0 16 15 25 28 6 2
94 11 7 2 17 2 17 16 6 24 26 18 18 17 19 14 17 10 29 17 13 18 17 6 14 17 17 18 17 17 24 17 22 18 19 22 16 29 22 18 23 14 20 17 17 17 17 17 18 10 7 18 29 18 25 25 21 18 14 17 13 17 17 29 27 18 18 18 17 8 25 17 17 4 26 8 17 18 18 1 9 18 18 18 18 14 15 27 21 18 18 19 23 18 29 17 17
79 0 1 0 0 0 0 0 0 0 0 0 0 0 0 0 0 0 0 0 0 0 0 0 0 0 0 0 0 0 0 0 0 0 0 0 0 0 0 0 0 0 0 0 0 0 0 0 0 0 0 0 0 0 0 0 0 0 0 0 0 0 0 0 0 0 0 0 0 0 0 0 0 0 0 0 0 0 0 0 0 0
58 17 10 29 26 19 27 27 9 27 27 26 27 23 26 10 11 22 27 3 23 26 26 21 26 27 26 15 20 4 26 27 26 26 26 15 26 26 0 22 7 8 25 23 27 21 26 26 15 26 10 26 21 27 14 19 26 3 11 26 30
41 8 3 5 14 5 6 8 5 6 5 9 26 5 6 5 6 6 6 5 5 6 14 5 23 22 28 5 0 5 6 7 5 30 5 6 17 15 17 6 6 17 5 24
81 81 5 3 21 5 22 24 19 14 15 19 2 21 21 6 15 16 23 3 26 21 5 2 15 27 18 24 19 10 9 21 11 24 24 22 12 18 15 15 22 19 8 14 16 15 15 13 22 8 17 25 2 23 24 13 6 7 26 23 17 10 5 8 6 4 7 24 19 27 23 20 13 16 9 26 17 15 27 28 21 26 10 19
22 1 7 19 17 18 17 17 18 17 17 30 13 17 18 12 17 14 17 25 17 11 14 18 18
79 21 5 29 16 25 11 21 3 13 12 12 12 24 11 19 12 20 11 11 12 12 12 12 28 29 11 11 30 11 12 12 8 12 12 11 5 16 12 22 30 15 6 12 29 12 18 23 11 19 30 19 3 11 12 11 11 12 23 15 13 12 11 15 30 30 23 12 11 11 15 12 11 11 12 7 18 14 11 15 12 15
49 16 8 9 27 8 14 1 12 25 9 22 8 11 14 18 4 7 9 7 6 0 16 15 12 5 6 1 2 3 13 11 22 9 6 22 6 4 19 21 27 6 20 24 11 26 15 15 12 2 18 16
71 36 2 28 2 2 12 2 3 3 15 3 3 3 14 2 3 3 13 3 3 2 3 22 3 21 2 26 27 3 2 2 3 4 3 2 19 7 3 19 27 3 16 2 10 15 27 11 21 2 14 3 11 3 3 2 2 3 20 21 26 6 3 2 27 6 2 3 20 3 29 9 3 21
13 9 8 24 4 22 7 27 15 3 19 6 6 6 9 2
38 19 10 29 19 0 16 30 24 27 17 26 27 26 26 15 17 2 25 27 27 26 25 26 27 18 27 26 26 26 26 1 9 26 27 7 27 24 26 27 26
10 0 2 2 24 16 6 23 2 0 1 19 13
13 11 8 26 8 18 17 27 14 11 2 4 19 23 2 30
3 1 1 15 16 21
34 14 6 15 14 15 24 14 15 20 15 25 21 14 7 15 14 26 15 15 25 4 6 30 15 15 14 15 26 11 15 15 14 25 10 14 16
13 13 6 11 28 7 12 26 13 16 25 2 25 21 26 2
84 14 3 28 2 10 19 14 27 19 4 8 17 20 6 8 19 12 20 24 20 20 24 18 4 23 26 22 17 16 14 15 12 9 17 27 11 5 2 21 13 25 6 26 5 1 6 9 10 29 17 29 6 30 24 2 11 0 2 17 29 15 11 2 20 6 14 14 6 18 28 30 25 6 27 2 26 25 14 17 3 23 4 13 15 5 8
77 13 7 6 26 5 18 26 18 18 17 19 18 30 17 17 22 18 8 17 13 18 17 18 18 17 18 18 7 4 18 4 11 8 18 17 14 14 18 18 17 15 17 18 20 21 18 16 17 14 18 26 18 18 19 17 23 17 18 1 17 17 12 18 18 18 17 17 1 18 1 17 18 9 4 1 17 16 18 13
20 3 10 26 28 3 27 20 25 27 23 27 15 17 4 13 16 28 27 9 24 26 27
97 7 10 15 16 2 26 26 26 27 26 27 27 29 22 24 4 21 13 29 7 3 16 4 15 26 19 26 27 5 26 27 25 26 27 4 15 24 27 26 26 19 14 27 26 27 0 7 27 27 5 22 23 25 26 26 0 17 14 27 10 26 27 27 26 26 13 17 26 9 26 12 27 26 27 3 26 2 26 13 9 23 27 27 29 27 26 25 27 11 25 24 20 10 27 27 27 8 27 26
50 12 9 28 24 23 23 7 24 24 23 17 24 4 18 9 23 28 24 24 24 23 23 23 24 25 12 23 23 24 24 4 23 24 24 15 8 22 8 24 23 15 24 24 23 24 23 26 30 25 23 23 23
91 20 7 13 2 16 4 17 3 17 1 17 14 18 19 26 13 17 30 25 17 23 17 17 17 25 17 17 9 18 15 18 18 26 18 7 17 1 8 18 28 17 17 17 11 18 24 18 0 20 28 23 15 14 18 11 17 7 7 17 18 17 14 6 8 9 17 18 17 18 18 25 16 17 5 25 12 18 18 17 18 6 11 18 17 17 15 6 17 5 5 17 17 14
79 8 9 13 1 9 30 21 15 4 26 30 19 21 3 10 3 2 21 21 25 27 12 2 4 0 8 29 24 3 22 20 8 0 13 23 22 12 10 19 28 3 24 1 17 14 8 13 9 18 29 5 4 27 9 11 23 1 11 0 6 12 13 25 28 2 3 25 6 30 14 24 29 20 4 26 21 11 20 17 7 14
54 26 5 30 21 15 11 11 24 12 12 6 11 12 11 11 11 12 22 10 11 22 25 12 11 12 18 28 11 11 11 3 12 4 15 12 10 8 12 11 25 11 11 11 12 11 11 30 11 11 9 10 17 26 12 12 12
75 67 7 16 26 18 10 30 12 25 25 8 24 24 1 25 16 3 11 13 20 23 16 27 28 12 2 3 17 27 22 11 5 21 20 11 27 1 8 25 21 7 7 12 4 27 23 8 27 19 17 11 10 10 21 29 8 24 15 13 22 7 23 24 27 1 23 20 16 14 21 30 9 13 1 7 30 4
42 18 5 11 12 11 14 11 22 12 12 11 11 8 12 11 9 23 12 11 12 6 12 11 11 6 6 12 11 12 2 20 12 22 4 11 2 25 11 24 11 12 5 12 12
1 0 1 9
74 2 0 5 15 30 9 22 20 6 15 22 15 19 4 29 29 5 5 30 28 10 29 8 22 27 27 20 4 28 0 29 28 25 17 4 22 14 26 7 0 7 13 13 29 10 19 30 7 1 28 10 27 9 20 27 21 22 27 1 12 4 10 2 7 23 5 25 27 3 12 15 14 9 13 6 26
44 0 0 30 30 30 30 30 30 30 30 30 30 30 30 30 30 30 30 30 30 30 30 30 30 30 30 30 30 30 30 30 30 30 30 30 30 30 30 30 30 30 30 30 30 30 30
100 42 5 11 12 11 30 11 19 12 1 21 11 26 12 11 12 11 11 11 10 5 23 5 11 15 12 6 26 6 11 11 28 14 12 12 16 16 3 25 12 12 30 12 23 12 0 15 12 11 23 12 15 7 19 25 12 13 11 4 22 12 11 12 12 29 12 11 11 21 11 12 26 11 20 17 11 24 7 12 11 12 12 16 12 11 25 12 12 25 11 24 19 11 27 11 12 10 12 12 12 21 11
7 0 2 23 30 28 2 10 23 3
69 2 0 12 27 5 17 0 2 8 14 13 26 3 24 27 29 0 10 18 28 13 10 25 21 4 3 7 3 3 24 22 20 5 24 5 2 9 4 14 8 0 21 7 18 26 12 14 22 25 23 9 8 6 22 19 24 15 0 11 9 20 30 27 7 22 1 3 5 16 12 20
72 9 8 2 20 13 30 3 6 27 27 21 6 28 1 29 27 16 28 30 26 24 19 6 18 18 23 13 18 6 16 29 1 22 17 4 29 19 13 12 18 2 3 23 1 2 14 11 16 24 3 7 23 22 24 28 4 20 19 9 30 22 25 15 6 10 17 11 19 14 19 12 11 0 13
12 5 3 6 5 5 5 6 5 6 6 6 5 6 6
8 7 3 13 9 24 14 15 3 16 16
81 44 10 12 3 6 24 18 18 28 13 9 26 8 29 12 13 12 18 16 14 10 24 0 12 29 25 25 21 28 19 3 13 1 25 15 30 13 16 9 5 16 11 5 12 0 29 26 19 2 7 2 18 28 24 1 12 14 20 12 23 4 1 6 3 29 14 21 1 12 26 22 26 27 6 7 27 25 21 6 3 17 26 28
38 16 9 14 20 29 0 3 30 19 18 15 23 30 30 18 28 4 26 22 24 2 0 4 30 4 20 16 27 26 27 3 30 26 15 25 4 6 22 21 29
100 8 10 26 27 26 23 27 19 16 19 27 27 27 10 26 12 18 26 27 26 5 26 26 26 26 26 26 4 15 27 27 15 26 24 26 26 27 26 12 27 27 27 26 25 19 15 27 0 26 29 26 26 25 3 8 24 24 29 26 16 26 26 21 2 25 27 27 26 27 16 30 19 9 24 26 27 29 12 26 26 14 27 26 26 26 7 20 2 26 20 6 0 27 12 15 27 14 4 5 28 26 26
99 0 0 8 19 20 16 14 21 8 5 27 21 2 28 25 24 25 5 23 11 10 23 28 7 1 15 13 11 7 3 15 29 2 11 10 8 24 17 20 13 20 22 10 4 15 13 30 23 19 0 27 30 19 13 28 1 2 0 4 10 23 15 28 21 4 25 5 3 21 15 16 11 12 3 28 27 12 10 20 26 9 25 17 12 4 2 29 20 14 23 11 29 22 12 3 20 14 7 18 28 30
49 38 4 2 25 12 1 8 4 6 3 29 27 25 21 4 27 1 27 28 29 3 18 23 27 22 6 0 4 29 9 29 12 12 28 1 25 28 10 27 24 25 17 27 21 16 25 19 6 8 24 14
20 15 2 11 16 24 29 21 16 20 17 17 5 29 16 2 14 11 1 2 11 30 16
14 0 0 0 0 0 0 0 0 0 0 0 0 0 0 0 0
25 9 7 17 11 17 11 28 17 18 9 8 12 18 15 20 22 9 18 21 18 17 17 18 15 23 30 18
6 1 8 6 21 21 0 21 20
99 37 2 3 25 23 2 3 3 3 16 8 3 22 2 3 13 28 3 27 3 3 11 3 2 2 3 2 3 2 3 2 23 5 2 14 2 3 3 24 3 6 3 11 16 27 17 26 3 3 2 9 3 3 3 14 14 2 23 1 2 2 2 2 2 17 0 3 21 2 3 3 2 2 17 2 15 9 3 3 21 10 17 3 8 2 25 2 25 2 27 3 3 3 3 3 2 9 2 27 3 2
22 1 4 29 10 15 8 3 9 9 26 9 9 18 8 8 8 8 28 29 29 8 9 8 10
18 18 5 20 5 21 7 25 18 21 15 20 3 13 5 24 6 23 18 24 9
56 21 9 5 24 13 13 28 23 23 23 2 29 23 24 24 23 24 23 24 5 23 23 23 24 12 13 1 24 24 2 1 15 28 11 29 24 21 24 4 3 15 23 23 8 23 9 11 30 23 30 25 15 23 24 23 15 24 24
1 1 8 4
52 16 9 16 23 13 5 11 24 23 24 2 24 2 22 16 23 28 24 30 4 24 24 24 23 19 0 23 23 24 3 9 22 3 22 23 24 24 23 24 5 24 17 24 23 24 13 5 27 23 23 6 23 10 24
43 6 4 8 8 16 13 25 17 8 8 8 24 9 4 7 9 12 6 8 9 12 8 8 8 9 30 9 9 9 20 8 8 2 23 12 14 8 8 8 13 8 26 9 10 9
30 0 3 9 15 17 21 18 0 3 28 28 4 16 30 20 26 4 3 27 11 2 21 7 2 17 16 11 17 7 1 11 24
100 35 2 20 16 15 11 8 4 23 10 2 29 24 29 6 22 26 0 10 18 19 23 23 24 10 20 15 3 25 2 21 16 17 24 8 9 23 9 1 13 9 9 7 13 29 24 22 4 14 1 20 23 28 15 7 27 16 27 22 10 10 22 16 14 29 7 4 11 7 9 7 18 3 22 25 7 1 12 15 17 20 7 21 3 26 28 22 28 1 25 3 0 17 28 16 13 20 6 11 29 1 0
1 0 6 1
85 0 6 2 1 25 9 1 30 19 12 21 14 1 26 17 18 29 14 28 5 8 10 13 10 13 16 2 27 7 13 9 28 4 4 29 14 11 17 6 14 3 12 24 2 18 21 1 18 23 28 28 12 16 17 29 3 17 4 2 4 0 1 3 27 11 17 9 23 17 27 11 21 11 19 22 19 20 24 18 3 17 12 20 0 0 26 3
35 1 5 12 27 11 15 12 12 16 11 12 29 25 12 11 12 12 11 18 28 11 4 14 30 27 27 18 8 5 25 26 12 15 18 0 12 5
82 32 8 20 21 20 29 21 20 8 21 20 20 21 19 16 7 2 21 3 15 21 3 16 20 21 21 20 21 6 20 20 20 21 14 21 30 4 21 13 20 0 20 21 4 20 21 20 21 20 23 21 20 20 5 21 11 21 28 10 21 21 20 21 20 5 21 21 20 5 20 15 8 20 20 13 6 21 15 21 29 29 8 21 2
35 1 5 19 27 11 25 3 9 8 7 30 0 18 18 1 6 30 26 2 4 7 7 30 5 17 4 11 6 20 9 26 15 13 23 4 4 19
29 6 1 24 22 0 12 3 20 18 13 28 23 11 12 23 19 28 20 0 11 22 3 29 28 27 23 27 22 21 26 29
58 40 6 25 22 10 30 1 13 23 13 5 17 29 12 28 3 0 7 25 8 6 12 19 4 6 6 25 2 0 10 17 10 28 16 12 9 15 15 7 9 27 4 29 15 2 27 23 6 4 1 27 27 26 4 2 20 29 22 26 15
100 33 8 21 4 12 14 15 25 9 22 12 7 4 25 7 26 22 26 8 16 26 3 26 29 22 8 1 20 2 23 12 28 5 1 29 21 14 20 4 24 5 2 20 24 29 17 25 20 1 12 4 21 29 8 15 23 28 27 19 29 9 26 16 18 15 30 15 26 0 1 29 0 16 10 16 10 12 5 22 29 20 13 2 19 27 3 9 25 25 15 8 27 16 28 5 21 10 11 30 7 13 8
92 32 7 17 18 18 18 18 3 27 14 1 12 27 21 27 18 12 18 18 16 29 1 10 17 18 18 17 11 18 7 17 21 18 18 11 17 9 25 18 26 13 13 27 24 19 17 17 18 17 18 18 20 18 18 0 17 18 18 15 13 17 26 6 28 18 17 17 18 22 12 17 18 17 17 17 17 29 17 17 15 18 6 18 18 17 0 17 9 18 6 18 16 17 18
50 21 4 9 22 9 16 18 10 3 8 14 9 28 13 10 6 0 10 7 3 8 22 3 28 13 1 10 30 10 0 26 26 16 9 7 5 12 28 9 27 23 10 19 19 27 6 6 4 1 27 6 13
9 8 10 4 21 17 7 5 6 20 11 30
24 7 1 23 30 20 2 18 0 7 21 2 16 1 22 22 16 6 22 23 11 29 30 30 11 0 22
13 13 5 10 10 12 25 21 6 17 25 19 24 7 4 3
21 14 2 14 1 23 6 25 3 28 10 10 6 19 6 9 14 12 7 9 10 29 3 5
38 9 10 19 15 30 5 24 11 29 21 21 11 7 13 20 30 21 3 25 26 27 22 30 25 27 8 23 3 5 19 3 7 28 24 26 12 10 27 28 3
5 0 10 18 26 21 19 26
31 8 7 14 18 17 18 29 18 17 16 18 18 18 18 10 21 20 15 18 4 17 10 17 13 13 17 17 17 7 8 28 7 8
49 4 7 18 18 17 18 17 5 17 20 5 3 17 19 23 18 13 7 6 16 24 17 17 18 24 23 17 18 18 18 17 2 13 16 17 0 18 17 17 2 17 18 2 6 18 17 11 8 17 27 5
7 2 5 8 12 25 21 18 10 9
11 0 6 14 1 26 20 25 3 15 8 5 13 18
86 86 9 22 16 19 22 11 24 12 14 25 17 2 11 3 16 5 8 13 11 17 18 15 20 23 12 2 21 25 6 26 23 14 25 16 26 17 15 26 18 18 17 18 18 27 27 10 18 7 16 15 8 4 23 23 26 25 18 19 20 11 11 22 3 18 11 2 20 6 17 10 20 4 24 7 11 25 24 12 13 10 9 13 15 25 20 28 2
74 11 5 15 0 18 19 2 7 12 16 16 21 4 9 8 8 29 12 4 23 20 16 14 17 8 2 27 18 17 6 12 16 21 21 19 30 13 3 6 21 26 28 22 2 1 25 26 26 17 0 10 21 8 25 1 27 16 7 22 1 15 24 21 26 17 18 24 23 22 12 15 13 17 3 2 17
75 0 10 30 30 30 30 30 30 30 30 30 30 30 30 30 30 30 30 30 30 30 30 30 30 30 30 30 30 30 30 30 30 30 30 30 30 30 30 30 30 30 30 30 30 30 30 30 30 30 30 30 30 30 30 30 30 30 30 30 30 30 30 30 30 30 30 30 30 30 30 30 30 30 30 30 30 30
4 0 2 2 2 2 3
17 4 0 28 19 26 18 20 5 26 18 21 5 16 14 2 29 17 25 24
92 12 7 30 27 30 23 18 18 17 18 18 8 17 12 18 17 7 4 21 25 9 18 18 18 29 27 5 2 18 17 18 1 18 18 6 17 17 25 13 17 17 14 9 20 18 4 17 18 17 22 17 2 18 18 18 2 18 17 16 18 17 13 17 17 18 17 22 7 8 19 17 18 6 17 24 13 15 15 6 30 26 7 10 18 18 17 11 23 18 10 17 20 17 18
12 2 9 26 10 24 1 8 10 1 4 8 1 4 30
72 23 7 17 18 18 18 18 24 17 2 17 18 24 18 15 10 18 18 18 17 15 18 4 15 11 18 2 18 17 20 18 18 17 18 18 18 18 5 17 10 1 21 21 18 18 18 8 21 19 20 9 17 27 16 13 8 17 1 17 17 3 18 0 12 14 17 25 2 12 17 17 3 18 24
