100
3 1 5 15 13 11
3 0 8 23 22 21
2 0 2 10 7
3 0 4 14 9 9
1 0 1 30
3 0 10 16 9 19
2 0 0 1 8
2 1 7 18 17
1 0 10 30
2 0 3 5 15
3 0 1 0 22 30
1 0 4 8
1 0 2 3
3 0 6 14 3 14
3 3 0 13 25 13
2 0 2 3 25
3 0 5 25 25 0
3 1 6 14 19 15
2 0 10 29 11
1 0 3 9
2 1 6 12 12
2 0 1 25 1
1 0 6 14
2 0 10 1 18
3 0 0 19 17 9
3 3 8 16 14 17
3 0 5 9 20 12
3 2 10 26 26 27
2 1 8 20 1
1 0 4 9
1 1 4 8
3 3 6 20 26 22
3 2 1 24 20 0
2 2 10 17 18
1 1 1 11
3 1 6 15 14 8
3 0 5 21 23 11
3 2 9 17 6 9
1 0 2 2
2 0 7 17 20
2 0 4 12 16
1 0 4 26
3 0 8 20 20 20
2 0 8 21 21
1 0 4 9
1 0 4 8
3 3 3 22 22 28
2 1 3 21 21
2 1 2 21 21
1 1 2 3
2 1 10 9 2
1 0 5 3
3 0 7 5 17 28
2 2 10 19 15
1 1 6 2
3 0 1 27 25 3
3 1 6 23 4 8
2 2 10 11 4
3 1 5 12 12 11
1 0 1 25
3 0 3 6 16 6
3 0 7 21 12 1
1 1 2 3
3 0 6 3 5 1
2 2 8 12 10
3 1 10 26 19 26
1 0 2 3
2 0 4 15 0
2 2 4 9 17
1 0 7 18
3 1 0 2 25 29
1 1 1 28
3 0 10 27 18 27
3 0 0 30 30 30
3 0 4 19 5 30
2 0 5 11 28
1 0 3 5
2 0 1 0 0
1 0 3 5
3 0 6 10 21 10
3 0 6 22 3 14
1 0 7 10
1 0 7 18
3 0 0 0 0 0
3 0 3 5 21 6
3 2 7 28 18 9
3 3 8 20 28 15
3 3 1 19 11 9
3 0 6 14 7 15
1 0 8 21
1 0 10 27
3 1 3 14 12 6
2 0 5 9 16
2 0 0 29 12
3 0 5 8 1 23
2 0 5 30 11
1 0 5 12
1 0 4 21
2 0 5 3 12
3 3 0 9 19 2
