187 333
16164 16946 16422 29262 2834 12353 14843 9235 253 20203 14753 10855 22368 1240 8857 22063 16830 31890 28185 24111 14389 25098 4920 20841 32369 15791 4429 26502 9486 8192 9393 1772 28282 3681 12188 2782 27608 24327 4525 16513 30184 13262 14288 21003 14432 301 5120 1982 5516 20691 19407 9438 26606 29124 12763 13194 25991 22291 8269 12192 11281 496 27121 4723 10412 19590 7793 19814 31549 1155 8747 4242 7330 21229 6371 30362 7558 31372 9543 944 21600 22404 14437 8691 18271 3341 22595 30883 10295 20126 19112 6243 11218 16264 8493 28910 6204 24511 22731 29343 15212 14875 15740 30651 25490 27678 22899 20701 25749 16653 32445 20884 4248 25206 29984 23486 7604 27345 4365 18984 12221 24619 10742 16205 18745 25754 3939 18361 17484 12564 9955 5937 7958 6345 15958 21453 29726 21518 29842 11593 14084 20875 20151 13566 26840 17404 30027 31243 4720 32051 1501 1469 10963 24978 27527 2084 7305 2284 6716 26649 12179 31690 4484 13034 687 22914 30575 3777 23365 6573 23268 12638 1772 16679 30083 20335 20038 20866 15346 32153 495 27697 23534 21311 1406 9817 18624 
7673 94 166
5585 10 162
8310 103 118
19784 84 171
14369 48 93
25189 63 92
27325 10 130
23580 2 165
29886 66 175
28526 35 37
76 16 153
24964 111 187
30471 164 172
4504 15 112
23588 122 133
25555 61 160
8208 62 187
15482 56 182
21634 138 169
8041 48 168
2592 124 172
3959 69 76
1759 12 89
338 1 59
9966 48 60
23102 67 85
6227 18 146
9108 16 113
23131 35 103
2660 153 153
3132 53 118
24307 88 102
20653 9 125
14349 105 135
6668 25 176
14088 4 136
17898 63 65
14509 24 175
2504 40 120
20166 28 154
4017 67 172
30543 27 35
10657 76 114
6793 18 114
22032 28 183
2514 68 182
28180 6 104
7465 46 160
16998 163 171
26901 47 161
263 127 131
18647 43 155
19347 69 130
27558 19 31
55 59 100
2702 121 145
6282 131 161
6595 60 122
31546 2 115
29965 10 46
26641 13 114
5899 86 135
1623 63 129
23147 90 139
7730 25 128
16578 73 153
18633 152 186
733 1 124
9104 17 46
2960 3 40
30674 144 158
31734 22 186
27862 4 69
19421 11 181
22289 108 116
2854 11 181
21188 68 183
4346 137 160
21417 152 184
1000 36 180
19980 28 107
23467 156 157
4427 45 68
12278 33 145
9137 56 138
16713 52 165
3031 23 115
32048 32 43
12930 80 84
24517 43 55
204 124 148
3987 113 138
17225 28 102
17763 99 186
31389 43 134
263 46 100
17176 37 49
6006 158 183
7131 16 103
3830 8 103
30729 6 115
4693 111 149
1703 99 113
3468 90 173
253 39 98
3317 43 48
18627 19 128
30858 31 97
609 142 172
5257 50 84
30519 4 166
13481 27 179
25807 29 114
12014 9 26
15552 60 95
3292 42 81
9521 21 74
21014 107 136
421 2 138
31642 78 87
13308 23 85
30166 2 41
27820 57 59
8012 19 167
21872 23 146
9437 89 136
19839 122 182
7708 63 182
22181 17 26
2042 35 169
16209 102 123
12713 10 72
14703 52 186
16588 74 105
3299 32 64
24278 174 180
22378 47 60
4350 9 47
6010 37 59
13844 128 138
21802 60 170
18999 42 178
21162 42 55
8527 140 162
25016 94 117
32525 25 103
7673 12 75
12101 119 136
577 99 119
19432 136 137
2084 5 76
14399 10 142
2607 35 135
4512 103 141
29163 77 101
21468 41 89
8026 31 31
25625 15 48
18517 19 48
7614 156 178
28674 96 170
7024 49 159
4022 45 67
8714 58 158
15300 43 138
804 22 86
30377 25 86
12662 94 128
21801 28 146
2720 85 158
21840 9 18
30087 49 95
26960 78 157
5755 107 130
9036 77 77
7059 102 151
9858 3 103
14339 80 168
3202 20 172
12898 115 136
20358 30 163
30176 140 159
14173 127 179
4555 16 105
5107 17 125
10194 107 183
20989 38 118
29655 30 48
6251 47 154
24742 16 73
30574 37 164
30345 86 169
19446 8 121
19423 11 20
2608 32 66
26367 129 162
22578 48 152
19539 48 133
10949 16 168
8396 8 73
11490 96 138
30955 71 71
23283 69 120
3527 41 48
9808 24 179
13710 19 123
8723 82 91
3589 112 182
18826 125 167
7784 10 156
21309 109 167
5940 77 108
16289 84 120
4094 52 101
28748 47 162
19914 107 114
30163 41 187
27021 162 186
2102 101 107
18107 106 162
13878 45 139
22851 55 82
27800 48 169
8678 102 133
13076 44 143
21058 104 111
30996 67 170
3292 38 90
27856 64 111
14062 22 124
1115 72 146
5081 97 123
17194 35 35
8716 89 139
349 58 135
30732 80 159
24796 132 150
26339 88 162
106 111 120
9110 56 142
25670 17 179
21180 130 166
829 31 165
1382 157 184
5937 7 78
9541 5 69
10439 18 182
12749 122 185
16035 77 140
11347 159 170
16838 13 174
5481 84 108
23713 103 178
666 24 133
9775 75 140
25296 97 118
24688 19 57
20245 3 166
7431 89 156
24949 14 82
29925 78 90
30861 55 103
8464 11 164
28073 125 171
17240 21 28
22649 142 153
2064 32 170
17305 67 159
18232 24 181
23339 69 122
27005 80 172
7584 75 180
16949 55 70
3899 105 165
8990 84 175
29341 11 31
6485 29 74
4183 64 83
27630 152 184
15124 46 161
7313 87 129
31866 96 166
25139 111 178
277 80 147
30343 53 105
16003 46 151
23203 43 152
6944 102 151
10448 102 146
3430 80 139
4758 104 138
30392 55 119
31147 144 181
26533 19 175
17336 48 73
15417 25 28
9430 33 136
19105 24 26
26581 10 182
16374 83 174
22047 137 182
9427 20 140
18436 54 141
6252 12 139
12369 39 180
24615 2 21
31461 29 88
28757 37 104
11442 127 182
29336 10 39
20243 122 153
13491 61 142
25274 141 156
6678 13 134
21586 29 62
28869 3 29
30428 95 168
13758 79 180
26758 135 172
28497 1 60
8801 5 47
8288 23 142
13394 169 174
11202 94 147
7058 3 16
21485 23 120
2941 38 135
9695 41 92
24821 31 179
7450 51 156
20975 41 171
7587 47 102
5671 55 167
